{
 "cells": [
  {
   "cell_type": "code",
   "execution_count": 4,
   "metadata": {},
   "outputs": [
    {
     "name": "stdout",
     "output_type": "stream",
     "text": [
      "Extracting MNIST-data/train-images-idx3-ubyte.gz\n",
      "Extracting MNIST-data/train-labels-idx1-ubyte.gz\n",
      "Extracting MNIST-data/t10k-images-idx3-ubyte.gz\n",
      "Extracting MNIST-data/t10k-labels-idx1-ubyte.gz\n",
      "INFO:tensorflow:Using default config.\n",
      "INFO:tensorflow:Using config: {'_model_dir': '/tmp/mnist_convnet_model', '_tf_random_seed': None, '_save_summary_steps': 100, '_save_checkpoints_steps': None, '_save_checkpoints_secs': 600, '_session_config': None, '_keep_checkpoint_max': 5, '_keep_checkpoint_every_n_hours': 10000, '_log_step_count_steps': 100, '_train_distribute': None, '_service': None, '_cluster_spec': <tensorflow.python.training.server_lib.ClusterSpec object at 0x7f3214e1c5c0>, '_task_type': 'worker', '_task_id': 0, '_global_id_in_cluster': 0, '_master': '', '_evaluation_master': '', '_is_chief': True, '_num_ps_replicas': 0, '_num_worker_replicas': 1}\n",
      "INFO:tensorflow:Calling model_fn.\n",
      "INFO:tensorflow:Done calling model_fn.\n",
      "INFO:tensorflow:Create CheckpointSaverHook.\n",
      "INFO:tensorflow:Graph was finalized.\n",
      "INFO:tensorflow:Restoring parameters from /tmp/mnist_convnet_model/model.ckpt-7294\n",
      "INFO:tensorflow:Running local_init_op.\n",
      "INFO:tensorflow:Done running local_init_op.\n",
      "INFO:tensorflow:Saving checkpoints for 7295 into /tmp/mnist_convnet_model/model.ckpt.\n",
      "INFO:tensorflow:probabilities = [[0.00000621 0.00000021 0.99956983 0.00001869 0.00000288 0.00000061\n",
      "  0.00039004 0.00000012 0.00001102 0.00000045]\n",
      " [0.00051392 0.96457845 0.00900261 0.00106971 0.00005998 0.0003962\n",
      "  0.0019757  0.00014294 0.02216188 0.0000985 ]\n",
      " [0.0023984  0.87467444 0.01506055 0.00692926 0.0265711  0.01322152\n",
      "  0.00530608 0.02649591 0.02472828 0.00461437]\n",
      " [0.00510952 0.00000726 0.00000869 0.00104956 0.00022194 0.99268216\n",
      "  0.00058213 0.00016489 0.00011471 0.00005917]\n",
      " [0.00045153 0.00000022 0.00002032 0.00001388 0.00127618 0.00003694\n",
      "  0.0000007  0.05388347 0.00157511 0.9427417 ]\n",
      " [0.00027719 0.969901   0.00258093 0.00127911 0.00580053 0.00099901\n",
      "  0.0051769  0.00109346 0.01045609 0.00243576]\n",
      " [0.00056449 0.00000795 0.00005075 0.00013893 0.00000095 0.99613154\n",
      "  0.00120561 0.00000005 0.001897   0.0000027 ]\n",
      " [0.9997075  0.         0.00000122 0.00000107 0.         0.00027483\n",
      "  0.00001468 0.00000002 0.00000065 0.00000005]\n",
      " [0.00000059 0.00000009 0.00000097 0.0000139  0.99013674 0.00000414\n",
      "  0.00000726 0.00017945 0.00006673 0.00959004]\n",
      " [0.00118974 0.04413192 0.00966529 0.23199503 0.00079798 0.00784232\n",
      "  0.00154763 0.00994068 0.5414183  0.15147105]\n",
      " [0.00016441 0.00019679 0.00024968 0.99516076 0.00000253 0.00314175\n",
      "  0.00000155 0.00006411 0.00060101 0.00041747]\n",
      " [0.00176709 0.00014949 0.01305064 0.04444143 0.00001921 0.00033244\n",
      "  0.00000514 0.93378    0.00030113 0.0061535 ]\n",
      " [0.00000625 0.00034639 0.99890924 0.00046018 0.         0.00008898\n",
      "  0.00000148 0.00000018 0.00018711 0.00000019]\n",
      " [0.00001699 0.00000685 0.9969663  0.0029242  0.00000001 0.00003481\n",
      "  0.00001538 0.00000592 0.00002933 0.0000003 ]\n",
      " [0.00012938 0.00013794 0.00003699 0.00055832 0.01186211 0.00138951\n",
      "  0.00001078 0.02727684 0.00725151 0.9513466 ]\n",
      " [0.00000306 0.00000011 0.00345804 0.00000737 0.00049985 0.0000049\n",
      "  0.994773   0.00000041 0.00125228 0.00000098]\n",
      " [0.00000098 0.00000053 0.05186996 0.00002795 0.00058433 0.00002172\n",
      "  0.94662017 0.00000131 0.00087219 0.00000085]\n",
      " [0.9710505  0.00000273 0.00655444 0.00268052 0.00022712 0.00984545\n",
      "  0.00795717 0.0000249  0.00131783 0.00033937]\n",
      " [0.00000223 0.00000087 0.00000564 0.00000007 0.999432   0.0000048\n",
      "  0.00030775 0.00000143 0.00003712 0.00020806]\n",
      " [0.00675712 0.00002818 0.00028833 0.00007605 0.00064437 0.00685408\n",
      "  0.982311   0.00000052 0.00302971 0.00001068]\n",
      " [0.00078952 0.00039894 0.00034444 0.00151593 0.0003764  0.00129123\n",
      "  0.00001468 0.96082395 0.00103865 0.0334062 ]\n",
      " [0.00014392 0.0000444  0.97660816 0.00243292 0.00000132 0.00000323\n",
      "  0.00000617 0.00146755 0.01920987 0.00008243]\n",
      " [0.00000164 0.9939027  0.00013829 0.00466145 0.00012448 0.00002088\n",
      "  0.00005268 0.00014941 0.00072755 0.00022102]\n",
      " [0.00003786 0.9821516  0.01006025 0.00036735 0.00096321 0.0001606\n",
      "  0.00127413 0.00030183 0.00422935 0.0004538 ]\n",
      " [0.00003183 0.00000154 0.00011567 0.00005326 0.00000114 0.00005128\n",
      "  0.00000005 0.9994273  0.0000315  0.00028646]\n",
      " [0.9454912  0.00005703 0.01942875 0.0128912  0.00006298 0.01661176\n",
      "  0.00104669 0.00234946 0.00121637 0.00084444]\n",
      " [0.00036979 0.00000798 0.0006695  0.00000793 0.00013602 0.0010366\n",
      "  0.9977245  0.00000001 0.0000473  0.00000035]\n",
      " [0.08912847 0.01814653 0.18657878 0.17076106 0.05552169 0.01087182\n",
      "  0.4624609  0.0015638  0.00431727 0.00064972]\n",
      " [0.06216476 0.00163276 0.35689646 0.14181976 0.00009485 0.00987278\n",
      "  0.42621443 0.00004025 0.00123447 0.00002958]\n",
      " [0.00125064 0.00180108 0.00710107 0.0015857  0.00007369 0.00141651\n",
      "  0.00137142 0.00362797 0.97890866 0.0028632 ]\n",
      " [0.04183771 0.07109836 0.00763727 0.02480119 0.00087494 0.7864597\n",
      "  0.00986688 0.01795316 0.03827546 0.00119529]\n",
      " [0.00014674 0.00000774 0.00170809 0.00273251 0.00013576 0.00872099\n",
      "  0.00007179 0.00018093 0.98540306 0.00089241]\n",
      " [0.00000172 0.00000847 0.00000709 0.00000026 0.99884415 0.0002319\n",
      "  0.0005181  0.00000755 0.00012092 0.00025981]\n",
      " [0.00010908 0.00024173 0.00898506 0.9464038  0.00003542 0.0039168\n",
      "  0.00348824 0.01082698 0.02587325 0.00011956]\n",
      " [0.00615914 0.00000059 0.0003407  0.00003097 0.00018015 0.04847534\n",
      "  0.944356   0.         0.00045474 0.00000238]\n",
      " [0.00003255 0.00000065 0.00007623 0.9940602  0.00000072 0.00221199\n",
      "  0.00000018 0.00064869 0.00263822 0.00033057]\n",
      " [0.998323   0.00000042 0.00004572 0.00006213 0.00000132 0.00079157\n",
      "  0.00058532 0.00000355 0.00018431 0.00000268]\n",
      " [0.00005215 0.00020565 0.00062179 0.00010507 0.8873923  0.00086761\n",
      "  0.00025455 0.00330727 0.00717    0.10002366]\n",
      " [0.00024843 0.0000002  0.00000916 0.00039938 0.00310123 0.00011446\n",
      "  0.0000067  0.03339896 0.00115461 0.9615668 ]\n",
      " [0.9998185  0.         0.00001309 0.00000512 0.         0.00015664\n",
      "  0.00000187 0.00000011 0.00000419 0.0000005 ]\n",
      " [0.00118467 0.00000028 0.00011152 0.3866244  0.00000114 0.5723258\n",
      "  0.00002903 0.00000917 0.03965278 0.00006114]\n",
      " [0.00000188 0.00002639 0.9995926  0.0001562  0.00000923 0.00002383\n",
      "  0.00010283 0.00000004 0.00006464 0.00002232]\n",
      " [0.00064889 0.86144567 0.01503552 0.0276463  0.01328203 0.0048382\n",
      "  0.00133694 0.02031702 0.0472417  0.00820773]\n",
      " [0.00031085 0.00000121 0.00016537 0.00005729 0.00874748 0.00035954\n",
      "  0.00002479 0.02214847 0.00701675 0.9611682 ]\n",
      " [0.99985266 0.         0.00000156 0.00001451 0.         0.00012508\n",
      "  0.00000113 0.00000242 0.00000086 0.00000178]\n",
      " [0.00014317 0.9700291  0.00544035 0.01030792 0.00553798 0.00049497\n",
      "  0.00069768 0.00339847 0.00323507 0.0007153 ]\n",
      " [0.33751568 0.00024824 0.5127885  0.01117018 0.03310258 0.01256268\n",
      "  0.05222749 0.01696937 0.00610467 0.01731063]\n",
      " [0.00013445 0.00016809 0.9967224  0.00083883 0.00000088 0.00000704\n",
      "  0.00003855 0.00000643 0.00201336 0.00007002]\n",
      " [0.00019287 0.00014046 0.00045233 0.00004336 0.9659457  0.00028255\n",
      "  0.00193375 0.00080774 0.00120275 0.02899841]\n",
      " [0.00011387 0.00779338 0.00005089 0.00035819 0.05031784 0.04090741\n",
      "  0.00003111 0.00958845 0.02766627 0.86317265]\n",
      " [0.00005893 0.00047695 0.00014083 0.00017669 0.9222959  0.00059812\n",
      "  0.00016978 0.00404261 0.04761054 0.0244296 ]\n",
      " [0.00429923 0.00022344 0.0088482  0.02574536 0.03177691 0.00568511\n",
      "  0.00055654 0.00702432 0.01023198 0.90560895]\n",
      " [0.00000211 0.00000569 0.00244957 0.98959535 0.00001086 0.00072706\n",
      "  0.00000715 0.00028819 0.00686263 0.00005142]\n",
      " [0.00022786 0.9684055  0.00132039 0.01358134 0.00019051 0.00062734\n",
      "  0.00037129 0.00493008 0.00670062 0.00364516]\n",
      " [0.00004121 0.00002464 0.00000051 0.00773233 0.00000186 0.9907623\n",
      "  0.00000181 0.00002596 0.0012205  0.00018888]\n",
      " [0.00003844 0.00000047 0.00011062 0.00000022 0.00002292 0.00008941\n",
      "  0.99973744 0.         0.00000032 0.00000013]\n",
      " [0.00004703 0.0000176  0.00036452 0.00000502 0.9784937  0.00063649\n",
      "  0.02001907 0.00003444 0.00018805 0.00019411]\n",
      " [0.00245622 0.77236253 0.00919027 0.01272484 0.00168635 0.00193553\n",
      "  0.00147415 0.05004866 0.14577623 0.00234518]\n",
      " [0.01902017 0.00001328 0.0013837  0.02257211 0.0130009  0.14582293\n",
      "  0.00016986 0.04457209 0.02885666 0.7245882 ]\n",
      " [0.00024271 0.00000009 0.00075715 0.00000352 0.00020569 0.00010982\n",
      "  0.99781847 0.00000064 0.00085939 0.00000254]\n",
      " [0.00004243 0.00000371 0.00000708 0.00025668 0.00040355 0.00009635\n",
      "  0.00000457 0.9984364  0.0001157  0.0006334 ]\n",
      " [0.0004114  0.00001137 0.00031314 0.98799825 0.00000341 0.00983204\n",
      "  0.00000212 0.0000209  0.00129514 0.00011224]\n",
      " [0.00039409 0.00016422 0.00002261 0.01228081 0.00123569 0.977975\n",
      "  0.00018456 0.00056582 0.00119708 0.00598011]\n",
      " [0.00004642 0.00175411 0.9909649  0.00512316 0.00000001 0.00005938\n",
      "  0.00175968 0.00000019 0.00029209 0.00000004]\n",
      " [0.00022636 0.00000089 0.00050148 0.00000121 0.00034042 0.00091537\n",
      "  0.997472   0.         0.00054091 0.00000133]\n",
      " [0.00095165 0.00002943 0.20638372 0.77960193 0.00000127 0.00076793\n",
      "  0.00000649 0.01120354 0.00068045 0.00037364]\n",
      " [0.00256729 0.00025252 0.00266827 0.00539646 0.00024567 0.00147572\n",
      "  0.00000578 0.9494145  0.00428865 0.03368511]\n",
      " [0.00014157 0.00003112 0.00031982 0.00001349 0.00122255 0.00132111\n",
      "  0.9950789  0.00000017 0.00182676 0.00004442]\n",
      " [0.98265195 0.00000036 0.00010381 0.01047487 0.0000001  0.00552775\n",
      "  0.00001112 0.00093235 0.0001291  0.00016857]\n",
      " [0.00433222 0.00414031 0.00633075 0.03125422 0.00722443 0.00858303\n",
      "  0.00014457 0.528158   0.02807152 0.38176093]\n",
      " [0.00001519 0.00000023 0.00000053 0.00001077 0.9885874  0.00010603\n",
      "  0.00027258 0.00000136 0.00051635 0.0104894 ]\n",
      " [0.00000567 0.00021791 0.00023208 0.9629087  0.00003879 0.00178844\n",
      "  0.00000366 0.0270121  0.00132332 0.00646936]\n",
      " [0.00000118 0.00000118 0.00000021 0.00053391 0.0080429  0.00011593\n",
      "  0.00000043 0.9862222  0.0000035  0.00507859]\n",
      " [0.00077056 0.00750949 0.00865866 0.0000602  0.9396948  0.00080192\n",
      "  0.02923132 0.0019779  0.00277951 0.00851561]\n",
      " [0.00416745 0.00010982 0.85270405 0.1393659  0.00006904 0.00007358\n",
      "  0.00096867 0.00064204 0.00183257 0.00006699]\n",
      " [0.01442437 0.00001024 0.00311509 0.00005233 0.00021574 0.03376598\n",
      "  0.9478605  0.00000201 0.00037669 0.00017704]\n",
      " [0.00019036 0.00000413 0.00005586 0.00017548 0.00002547 0.00007769\n",
      "  0.00000005 0.97342455 0.00025752 0.02578884]\n",
      " [0.00070941 0.00002012 0.0610633  0.00008359 0.49357563 0.00092461\n",
      "  0.3839047  0.00000677 0.0104637  0.04924821]\n",
      " [0.00020439 0.00002248 0.04091614 0.9536419  0.00000041 0.00179346\n",
      "  0.00000798 0.00080695 0.00254454 0.0000618 ]\n",
      " [0.00005128 0.00000026 0.00028756 0.00009461 0.0000016  0.00000749\n",
      "  0.00000004 0.99723226 0.00060627 0.0017187 ]\n",
      " [0.00070666 0.00000066 0.0000223  0.9138882  0.00001752 0.01235277\n",
      "  0.00000014 0.05528484 0.00111166 0.01661529]\n",
      " [0.00016471 0.00004383 0.9983908  0.00026384 0.00000014 0.00005066\n",
      "  0.00020789 0.00000982 0.00086577 0.00000259]\n",
      " [0.00108522 0.01129161 0.00066315 0.00714453 0.00003381 0.97568697\n",
      "  0.00056662 0.00038889 0.00310493 0.00003427]\n",
      " [0.00003336 0.00000869 0.94293565 0.05189787 0.00001459 0.00218392\n",
      "  0.00001368 0.00000051 0.00289077 0.00002088]\n",
      " [0.00001938 0.00000067 0.00001895 0.9893162  0.00000753 0.00978745\n",
      "  0.00000036 0.00001671 0.00043353 0.00039921]\n",
      " [0.00338007 0.00153706 0.01236596 0.00023837 0.9009158  0.02914752\n",
      "  0.03959056 0.0013203  0.00815989 0.00334446]\n",
      " [0.00127963 0.00004486 0.00319665 0.00002407 0.00008395 0.00482444\n",
      "  0.03378631 0.00000566 0.95656836 0.00018606]\n",
      " [0.00436083 0.00003649 0.00173484 0.03475869 0.94315696 0.00490934\n",
      "  0.00529293 0.00029148 0.00212926 0.00332913]\n",
      " [0.00247655 0.00753022 0.01031798 0.00006067 0.00169677 0.00145313\n",
      "  0.17370823 0.00013955 0.80093277 0.00168417]\n",
      " [0.90008175 0.00000001 0.00011104 0.01473096 0.00000023 0.08292037\n",
      "  0.00000198 0.00104156 0.0003167  0.00079545]\n",
      " [0.00012921 0.98214656 0.00435358 0.00186924 0.00039165 0.00237458\n",
      "  0.00126212 0.00021234 0.00703332 0.00022733]\n",
      " [0.00082531 0.00000031 0.00001264 0.00050598 0.00006221 0.00020076\n",
      "  0.00000041 0.989449   0.00010611 0.0088372 ]\n",
      " [0.00000443 0.00005046 0.00001782 0.00000506 0.99888223 0.00027629\n",
      "  0.00016669 0.00001908 0.00019929 0.00037864]\n",
      " [0.9651809  0.0000171  0.0070368  0.0025689  0.00035367 0.00652093\n",
      "  0.00819387 0.0006594  0.00820812 0.00126035]\n",
      " [0.00012535 0.0000009  0.9994223  0.00042065 0.00000004 0.00000144\n",
      "  0.00001318 0.0000005  0.00001355 0.00000203]\n",
      " [0.99896884 0.         0.00036262 0.00030447 0.00000001 0.00026505\n",
      "  0.00000899 0.00007055 0.00001091 0.00000854]\n",
      " [0.3676276  0.00001812 0.0006353  0.2155629  0.00160186 0.2480224\n",
      "  0.00723089 0.00005207 0.15716134 0.00208755]\n",
      " [0.00032894 0.000402   0.00052939 0.9675282  0.00001071 0.02633154\n",
      "  0.00001179 0.00029496 0.00363054 0.00093192]\n",
      " [0.00000944 0.00000064 0.00096203 0.00036543 0.00000005 0.00000133\n",
      "  0.         0.99157894 0.00000716 0.00707498]\n",
      " [0.0012177  0.00016813 0.00013292 0.95688325 0.00001102 0.03450132\n",
      "  0.00002028 0.00001398 0.00699159 0.00005974]]\n"
     ]
    },
    {
     "name": "stdout",
     "output_type": "stream",
     "text": [
      "INFO:tensorflow:loss = 0.19036499, step = 7295\n",
      "INFO:tensorflow:probabilities = [[0.00026908 0.00001805 0.00016591 0.00007455 0.0000073  0.00068239\n",
      "  0.00000271 0.00000765 0.9987312  0.00004118]\n",
      " [0.00197283 0.00005346 0.01221408 0.00006128 0.85805094 0.00225543\n",
      "  0.05971062 0.003042   0.02124109 0.04139832]\n",
      " [0.8309594  0.00000213 0.12894808 0.00014373 0.00000656 0.01921278\n",
      "  0.01843875 0.00002111 0.00224964 0.00001791]\n",
      " [0.00018497 0.00085427 0.00019915 0.83678347 0.00003137 0.03886729\n",
      "  0.00000506 0.00248506 0.04211796 0.07847133]\n",
      " [0.00103916 0.00027563 0.00049992 0.6398198  0.00099728 0.09593728\n",
      "  0.00004024 0.00222941 0.02195566 0.23720555]\n",
      " [0.0000343  0.00000081 0.00014103 0.00000153 0.00015332 0.00261792\n",
      "  0.99662507 0.00000001 0.00042515 0.00000084]\n",
      " [0.99775887 0.00000004 0.00031866 0.00003727 0.00000039 0.00023128\n",
      "  0.00161926 0.00000178 0.00003077 0.00000175]\n",
      " [0.00000005 0.00000006 0.00000013 0.00007426 0.00000193 0.00000131\n",
      "  0.         0.99787366 0.00000068 0.00204798]\n",
      " [0.00001631 0.9966685  0.0000512  0.00077158 0.00009111 0.00047055\n",
      "  0.00011649 0.00023654 0.00128909 0.00028859]\n",
      " [0.00000023 0.00000164 0.00000042 0.00000084 0.9989563  0.00000128\n",
      "  0.00000161 0.00003118 0.00000569 0.00100087]\n",
      " [0.00102509 0.18524529 0.01043167 0.00374089 0.00131157 0.00428911\n",
      "  0.02541825 0.0006257  0.75890267 0.00900978]\n",
      " [0.00999007 0.00052825 0.00431746 0.00538056 0.00004372 0.00050341\n",
      "  0.00003211 0.9302455  0.00645402 0.04250487]\n",
      " [0.00002276 0.02004059 0.00149771 0.16172066 0.02054232 0.25448462\n",
      "  0.00016871 0.01827919 0.21119903 0.3120444 ]\n",
      " [0.00036087 0.9690841  0.00510776 0.00565795 0.00233356 0.00049823\n",
      "  0.00028373 0.00609316 0.00899717 0.00158338]\n",
      " [0.00116373 0.00008892 0.00000271 0.01164294 0.00000054 0.9857853\n",
      "  0.00000089 0.0010446  0.00017283 0.00009757]\n",
      " [0.00002038 0.00000497 0.00001288 0.00025399 0.00000925 0.00000359\n",
      "  0.00000005 0.99736303 0.00006623 0.0022657 ]\n",
      " [0.00022588 0.00000127 0.00271217 0.00032903 0.00043803 0.00295745\n",
      "  0.00167798 0.00001633 0.98754174 0.00410015]\n",
      " [0.00274505 0.00148889 0.00481364 0.5933642  0.00005005 0.31169105\n",
      "  0.00016623 0.07111076 0.00232147 0.01224869]\n",
      " [0.00048675 0.00008129 0.99520135 0.00324131 0.00004666 0.00000119\n",
      "  0.00049214 0.00010184 0.00023543 0.00011208]\n",
      " [0.99415565 0.00000001 0.00000115 0.00000651 0.00000001 0.00580554\n",
      "  0.00001634 0.00001052 0.00000337 0.00000093]\n",
      " [0.00003075 0.00026838 0.00000587 0.00012658 0.02202499 0.00095122\n",
      "  0.00000451 0.02249525 0.00248105 0.95161134]\n",
      " [0.68011725 0.00003227 0.00021176 0.00345639 0.03363202 0.14657265\n",
      "  0.02326965 0.10095885 0.00314559 0.00860368]\n",
      " [0.00000101 0.9938578  0.00010213 0.00019204 0.000055   0.00000213\n",
      "  0.00022409 0.00035224 0.00518298 0.00003062]\n",
      " [0.00001106 0.00006249 0.00001228 0.00037612 0.00058573 0.0007555\n",
      "  0.00000016 0.8793152  0.00025927 0.11862217]\n",
      " [0.0570693  0.00000063 0.39435053 0.00145818 0.02225237 0.0080953\n",
      "  0.00181798 0.01049674 0.0064569  0.49800208]\n",
      " [0.00067934 0.00717939 0.02026005 0.12397687 0.00031415 0.00639133\n",
      "  0.00028117 0.00069876 0.83671105 0.00350785]\n",
      " [0.00090058 0.00000167 0.00073751 0.00179386 0.01170473 0.0001373\n",
      "  0.00002031 0.0432187  0.00054398 0.9409413 ]\n",
      " [0.02979585 0.00030677 0.00084092 0.00039584 0.00000657 0.01608315\n",
      "  0.00001677 0.00092353 0.94911945 0.00251111]\n",
      " [0.00000895 0.03175186 0.23153065 0.56342655 0.06083272 0.00960547\n",
      "  0.00489016 0.05202052 0.03573509 0.01019809]\n",
      " [0.00013392 0.0000505  0.9986292  0.0005039  0.00000452 0.00000247\n",
      "  0.00050568 0.00000734 0.00015996 0.00000254]\n",
      " [0.00092804 0.00258354 0.00293331 0.00014388 0.00083593 0.00826723\n",
      "  0.9820316  0.00000247 0.00225879 0.00001525]\n",
      " [0.00039035 0.00064106 0.02333231 0.97150266 0.00001451 0.00303078\n",
      "  0.00032959 0.00005516 0.00065671 0.00004689]\n",
      " [0.00040336 0.97865283 0.00348378 0.00292121 0.00028749 0.00067842\n",
      "  0.00081771 0.00240529 0.00758073 0.00276913]\n",
      " [0.00003957 0.00039343 0.00660615 0.00001335 0.00083345 0.00200892\n",
      "  0.9898722  0.00000042 0.00023111 0.00000148]\n",
      " [0.00055816 0.02788999 0.00214922 0.0065174  0.8718663  0.00049273\n",
      "  0.00274108 0.00422921 0.00813071 0.07542533]\n",
      " [0.00042758 0.00001568 0.00000878 0.00007058 0.12294348 0.00046321\n",
      "  0.00002606 0.01977394 0.00053725 0.8557334 ]\n",
      " [0.0000099  0.00005729 0.00044251 0.9941421  0.00005074 0.0037243\n",
      "  0.00001285 0.00001693 0.00128878 0.00025454]\n",
      " [0.00009112 0.00000423 0.00008171 0.00010027 0.00805945 0.00002037\n",
      "  0.0000103  0.9795956  0.00056865 0.01146826]\n",
      " [0.00013559 0.00002099 0.9989718  0.00027007 0.00000005 0.00005123\n",
      "  0.00045817 0.00000013 0.00009203 0.00000005]\n",
      " [0.00000774 0.00007353 0.00421024 0.99414635 0.00000072 0.00057651\n",
      "  0.00000519 0.00000521 0.00096491 0.00000961]\n",
      " [0.00216808 0.00193062 0.0095637  0.1610692  0.00055787 0.00328474\n",
      "  0.00005297 0.35626233 0.06522469 0.3998859 ]\n",
      " [0.00003216 0.00017099 0.00130099 0.00000868 0.00496424 0.00214456\n",
      "  0.99093705 0.00000178 0.00043446 0.00000527]\n",
      " [0.00101374 0.04519461 0.12776129 0.3548424  0.00025965 0.00024183\n",
      "  0.00051417 0.05298688 0.37797442 0.03921096]\n",
      " [0.9999378  0.         0.00000065 0.00000011 0.         0.00005758\n",
      "  0.00000351 0.00000002 0.00000028 0.00000008]\n",
      " [0.0004463  0.00000017 0.00018806 0.00000031 0.00001973 0.00006059\n",
      "  0.9991898  0.00000009 0.00008309 0.00001191]\n",
      " [0.00004686 0.00000657 0.00144837 0.00000354 0.00031168 0.0001248\n",
      "  0.99783427 0.00000019 0.00022177 0.00000199]\n",
      " [0.6460062  0.0000004  0.03135503 0.00001129 0.0000146  0.2170836\n",
      "  0.01224505 0.00000017 0.09308288 0.00020065]\n",
      " [0.00000189 0.00000127 0.00002552 0.00006406 0.00000083 0.00000246\n",
      "  0.         0.99838877 0.00003023 0.00148513]\n",
      " [0.00000134 0.00006081 0.01279926 0.98512185 0.0000166  0.00022145\n",
      "  0.00000043 0.00004253 0.00156209 0.00017356]\n",
      " [0.00000978 0.00000792 0.00001344 0.00007545 0.00000469 0.00000626\n",
      "  0.00000001 0.9927442  0.00001064 0.00712758]\n",
      " [0.00003029 0.00004235 0.85951996 0.04434231 0.00176354 0.00025056\n",
      "  0.0003381  0.01510411 0.00013124 0.07847752]\n",
      " [0.0096804  0.00003215 0.00221903 0.2029308  0.00000482 0.47597462\n",
      "  0.0001605  0.00033669 0.30858028 0.00008071]\n",
      " [0.00000021 0.00000194 0.00000416 0.00006503 0.00000031 0.00000002\n",
      "  0.         0.99948895 0.00000484 0.00043453]\n",
      " [0.000083   0.00001659 0.00013268 0.8793395  0.00000731 0.05562265\n",
      "  0.00000041 0.01073336 0.02265568 0.03140881]\n",
      " [0.00045191 0.02813034 0.00011967 0.01217902 0.0390531  0.00504455\n",
      "  0.000083   0.12100001 0.00423003 0.7897084 ]\n",
      " [0.00003581 0.00018499 0.00003128 0.00165057 0.00002061 0.00012016\n",
      "  0.00000039 0.9916751  0.00007123 0.00620999]\n",
      " [0.00001814 0.00000698 0.00365198 0.99616903 0.00000009 0.00006526\n",
      "  0.00000477 0.00007524 0.00000793 0.00000046]\n",
      " [0.00000098 0.00004547 0.998024   0.00113279 0.00000048 0.00000085\n",
      "  0.00001404 0.00042443 0.00035545 0.00000155]\n",
      " [0.00083604 0.0000768  0.8611826  0.04321026 0.00000082 0.00009373\n",
      "  0.00000431 0.00057324 0.09389348 0.00012863]\n",
      " [0.00007813 0.00000182 0.00039882 0.00001595 0.945336   0.00009983\n",
      "  0.00022521 0.001421   0.00140625 0.05101709]\n",
      " [0.00000548 0.00000005 0.00000061 0.00001458 0.00000548 0.9993499\n",
      "  0.00000601 0.00000393 0.00059875 0.0000153 ]\n",
      " [0.00000751 0.00002529 0.99853504 0.00102564 0.         0.0000042\n",
      "  0.00000217 0.00000106 0.00039909 0.00000008]\n",
      " [0.00009156 0.00009291 0.00027339 0.00000713 0.00033849 0.00007815\n",
      "  0.9988613  0.0000004  0.00025108 0.00000548]\n",
      " [0.00007862 0.00009763 0.0046215  0.00020048 0.00010156 0.00174167\n",
      "  0.00012202 0.00013743 0.9915126  0.00138644]\n",
      " [0.00213693 0.00000856 0.2073888  0.00051553 0.00167533 0.7112153\n",
      "  0.00089487 0.00020965 0.0745172  0.00143786]\n",
      " [0.00000308 0.99075    0.00072178 0.00471917 0.00036137 0.00045441\n",
      "  0.00085329 0.00023843 0.00160738 0.00029109]\n",
      " [0.00000149 0.00000031 0.00000929 0.00013083 0.00000055 0.00000024\n",
      "  0.         0.9996867  0.00000383 0.00016675]\n",
      " [0.00662258 0.000165   0.00331746 0.00032294 0.00017639 0.3634123\n",
      "  0.46155435 0.00000096 0.1643161  0.00011192]\n",
      " [0.00009918 0.00006564 0.00027383 0.00078683 0.9389177  0.0001938\n",
      "  0.00012399 0.00613591 0.00142284 0.05198037]\n",
      " [0.23974594 0.01053593 0.52785134 0.0103321  0.00061757 0.00375798\n",
      "  0.0164173  0.14350598 0.02776381 0.019472  ]\n",
      " [0.00038071 0.00034778 0.14511694 0.02673547 0.00016727 0.00421818\n",
      "  0.00004909 0.04205996 0.7735032  0.00742142]\n",
      " [0.00563477 0.00001342 0.0016889  0.00050995 0.0225858  0.00532127\n",
      "  0.0025412  0.05842549 0.17470315 0.72857606]\n",
      " [0.00110538 0.00131576 0.00101668 0.00258735 0.00266789 0.9733011\n",
      "  0.00690429 0.00005589 0.01097508 0.00007063]\n",
      " [0.03863027 0.00158756 0.00790008 0.00512997 0.16284238 0.0044404\n",
      "  0.02602601 0.04541096 0.01776578 0.6902666 ]\n",
      " [0.0002642  0.9808951  0.00051774 0.00702295 0.00072541 0.00043068\n",
      "  0.00049872 0.00368713 0.00475564 0.00120242]\n",
      " [0.00035772 0.00005139 0.00000267 0.00033679 0.00001887 0.99815136\n",
      "  0.00024696 0.00000821 0.00077448 0.00005158]\n",
      " [0.13291666 0.00002092 0.03697355 0.00066454 0.6568134  0.01285032\n",
      "  0.0966926  0.0075739  0.02261453 0.03287963]\n",
      " [0.00053503 0.10300083 0.06252662 0.11223788 0.08980674 0.47068092\n",
      "  0.05485895 0.00443539 0.09509412 0.00682347]\n",
      " [0.00001391 0.00088361 0.00035068 0.00025934 0.00459964 0.00020121\n",
      "  0.99201995 0.00000162 0.0016428  0.00002727]\n",
      " [0.00230014 0.00532793 0.00131078 0.7513612  0.00102367 0.21297194\n",
      "  0.00214915 0.00055284 0.02118201 0.00182034]\n",
      " [0.00020234 0.00004065 0.00319709 0.00000748 0.00012193 0.00092823\n",
      "  0.9953139  0.00000019 0.00018774 0.00000058]\n",
      " [0.00025874 0.00000013 0.00161845 0.01024594 0.00015597 0.00622355\n",
      "  0.00001329 0.00000353 0.9793799  0.00210052]\n",
      " [0.00019141 0.01287002 0.00092639 0.01197709 0.1504517  0.00235999\n",
      "  0.00006984 0.6720065  0.01649492 0.13265213]\n",
      " [0.00006888 0.00005264 0.00145127 0.00314901 0.04013462 0.00005343\n",
      "  0.00010239 0.0188498  0.02067155 0.91546637]\n",
      " [0.00155563 0.00071787 0.00062069 0.00019387 0.00229551 0.7942867\n",
      "  0.01133533 0.00000867 0.18888323 0.00010251]\n",
      " [0.98377174 0.00000422 0.00651015 0.00029712 0.00000038 0.00711128\n",
      "  0.00041609 0.00007019 0.00179213 0.00002665]\n",
      " [0.0005668  0.00000026 0.00015466 0.00059895 0.00003361 0.00011593\n",
      "  0.00008656 0.0000543  0.99829847 0.00009049]\n",
      " [0.00002281 0.9908365  0.00091291 0.00420191 0.00063193 0.00046083\n",
      "  0.00034449 0.00133146 0.00105875 0.0001984 ]\n",
      " [0.00001327 0.00031183 0.01843179 0.95797855 0.00013321 0.01445631\n",
      "  0.0000444  0.0002236  0.00776422 0.00064288]\n",
      " [0.00007202 0.9836676  0.00617929 0.00158844 0.00055438 0.00042641\n",
      "  0.00072642 0.00204809 0.00380591 0.00093146]\n",
      " [0.00004804 0.0000355  0.0001812  0.00021104 0.00007171 0.00015938\n",
      "  0.00000033 0.9862585  0.00002919 0.01300512]\n",
      " [0.00498856 0.00326278 0.00358234 0.05403489 0.00147084 0.8798893\n",
      "  0.00212372 0.00122339 0.03659209 0.01283209]\n",
      " [0.98035663 0.00000003 0.00000994 0.00029286 0.         0.01928767\n",
      "  0.00000201 0.00003388 0.00001528 0.00000171]\n",
      " [0.00001055 0.00000694 0.00173478 0.00571657 0.00047855 0.00109931\n",
      "  0.00029898 0.00000988 0.9905958  0.00004871]\n",
      " [0.00004627 0.00016675 0.00008923 0.00071505 0.00179253 0.00029004\n",
      "  0.0000118  0.27464893 0.00138162 0.72085774]\n",
      " [0.00057237 0.0001005  0.01054489 0.00024453 0.01588219 0.00093882\n",
      "  0.9716393  0.00000174 0.00004393 0.00003166]\n",
      " [0.00169357 0.00182311 0.0062371  0.00392689 0.0003469  0.002425\n",
      "  0.00040047 0.00008846 0.978139   0.00491943]\n",
      " [0.00006018 0.00000764 0.00061332 0.00000313 0.00007911 0.00013548\n",
      "  0.99909985 0.         0.00000119 0.00000002]\n",
      " [0.00095714 0.00006536 0.00419687 0.00001118 0.00022494 0.04962117\n",
      "  0.94315475 0.00000077 0.00175595 0.0000118 ]\n",
      " [0.00013692 0.00004062 0.0015158  0.00020668 0.7726619  0.00061309\n",
      "  0.00512438 0.0016694  0.05633847 0.16169283]] (10.577 sec)\n"
     ]
    },
    {
     "name": "stdout",
     "output_type": "stream",
     "text": [
      "INFO:tensorflow:global_step/sec: 4.67486\n",
      "INFO:tensorflow:probabilities = [[0.00000104 0.00000038 0.00000231 0.0000089  0.00000121 0.00000033\n",
      "  0.         0.9979328  0.00004688 0.00200612]\n",
      " [0.9993893  0.         0.00001145 0.0000004  0.00000271 0.00045539\n",
      "  0.00008499 0.00000026 0.00002765 0.00002786]\n",
      " [0.00004276 0.00000035 0.99973494 0.00010847 0.00000061 0.00001564\n",
      "  0.00003029 0.00000026 0.00006442 0.0000023 ]\n",
      " [0.00004177 0.00156021 0.00086095 0.08857676 0.02905922 0.03712162\n",
      "  0.00018566 0.00871741 0.05195713 0.78191924]\n",
      " [0.9991763  0.         0.00000337 0.00000248 0.00000002 0.00070344\n",
      "  0.00008255 0.00000006 0.00003158 0.0000002 ]\n",
      " [0.00076617 0.06100692 0.00139476 0.01614284 0.02431453 0.00277574\n",
      "  0.00007689 0.1440153  0.05266865 0.6968382 ]\n",
      " [0.00000205 0.00186261 0.00015505 0.00182788 0.975746   0.001188\n",
      "  0.00007522 0.00046601 0.00904563 0.00963154]\n",
      " [0.07197324 0.03098243 0.02140735 0.01152203 0.00023138 0.08176592\n",
      "  0.00203806 0.00532222 0.7663973  0.00835992]\n",
      " [0.00245866 0.0002188  0.00766371 0.00001599 0.00076886 0.00590204\n",
      "  0.9824222  0.00000192 0.00053063 0.00001725]\n",
      " [0.00007146 0.97095686 0.00200501 0.0018071  0.00026837 0.00551797\n",
      "  0.00300913 0.00016128 0.01608116 0.00012163]\n",
      " [0.0000003  0.00000006 0.00000022 0.00002789 0.00000024 0.00000035\n",
      "  0.         0.9995364  0.00000197 0.00043267]\n",
      " [0.00010365 0.00008557 0.00234665 0.00053544 0.00017658 0.00000964\n",
      "  0.00000869 0.98253435 0.00033415 0.01386535]\n",
      " [0.00197232 0.0010029  0.00014955 0.00076312 0.02770544 0.9395571\n",
      "  0.00244666 0.00370353 0.02013378 0.00256573]\n",
      " [0.00007383 0.00004337 0.00085175 0.00000644 0.00144674 0.00043237\n",
      "  0.9962431  0.00000429 0.00089004 0.00000799]\n",
      " [0.00000316 0.00002966 0.0001336  0.0058178  0.03014824 0.00017228\n",
      "  0.00000483 0.00445445 0.00593644 0.9532995 ]\n",
      " [0.00006734 0.2822923  0.01640345 0.36938894 0.01694042 0.10926052\n",
      "  0.00252171 0.00863652 0.17144066 0.02304807]\n",
      " [0.00001972 0.00000203 0.07662301 0.92197645 0.0000003  0.00080262\n",
      "  0.00000154 0.00013823 0.00043154 0.00000457]\n",
      " [0.00250911 0.00093688 0.00010946 0.00009187 0.00002316 0.9567368\n",
      "  0.00072467 0.00000899 0.03880962 0.00004951]\n",
      " [0.00003171 0.9742833  0.00043163 0.01318648 0.00052341 0.00140854\n",
      "  0.00045758 0.0003979  0.00750969 0.00176973]\n",
      " [0.00002059 0.00027732 0.00037701 0.04685064 0.16400732 0.00310355\n",
      "  0.00001651 0.01102297 0.0091762  0.765148  ]\n",
      " [0.00762798 0.00048796 0.964022   0.00802523 0.00004211 0.00007627\n",
      "  0.01770434 0.00136244 0.00041347 0.0002382 ]\n",
      " [0.00000437 0.00005191 0.00256669 0.9874795  0.00000215 0.00309263\n",
      "  0.00000048 0.0000422  0.00664451 0.00011559]\n",
      " [0.00667549 0.00135839 0.34382844 0.00329629 0.11058415 0.00389445\n",
      "  0.485009   0.00012405 0.04178265 0.0034471 ]\n",
      " [0.9727861  0.00000002 0.00020509 0.00000135 0.00005687 0.00021904\n",
      "  0.02652697 0.00000109 0.00016257 0.00004092]\n",
      " [0.00771468 0.15254553 0.6022431  0.13826425 0.00013983 0.01835283\n",
      "  0.01128759 0.00000872 0.06935148 0.00009191]\n",
      " [0.0022189  0.00055492 0.03913604 0.11127634 0.01622389 0.02911052\n",
      "  0.01471005 0.0004998  0.7750172  0.01125239]\n",
      " [0.00001812 0.0036288  0.9840905  0.00529025 0.00001631 0.00034255\n",
      "  0.00220788 0.00000201 0.00440102 0.00000263]\n",
      " [0.0004043  0.9076895  0.00191499 0.0274078  0.0018857  0.00612924\n",
      "  0.00100235 0.00621962 0.03627622 0.01107019]\n",
      " [0.00003483 0.03351353 0.00092909 0.39257148 0.22476512 0.01021495\n",
      "  0.00038812 0.01840095 0.01611371 0.30306822]\n",
      " [0.00236157 0.9238546  0.00444742 0.00173835 0.0003169  0.00301579\n",
      "  0.05020348 0.00026659 0.01369104 0.00010435]\n",
      " [0.00020414 0.00010424 0.00006354 0.00819469 0.00003434 0.9806835\n",
      "  0.00006351 0.0004173  0.00844035 0.0017942 ]\n",
      " [0.00015705 0.00029525 0.03199847 0.90745866 0.00035452 0.00045262\n",
      "  0.00001451 0.00074527 0.05183941 0.00668425]\n",
      " [0.00065721 0.81369853 0.01839141 0.01660626 0.02977734 0.03943872\n",
      "  0.01987091 0.00648161 0.04279928 0.01227868]\n",
      " [0.00000008 0.00001155 0.9999683  0.00001387 0.00000001 0.00000073\n",
      "  0.00000433 0.00000038 0.00000074 0.        ]\n",
      " [0.00017234 0.00000466 0.00031895 0.00163662 0.01980683 0.00032012\n",
      "  0.00000438 0.01830527 0.00321202 0.9562188 ]\n",
      " [0.0000002  0.00000188 0.00010766 0.9997712  0.00000001 0.00004326\n",
      "  0.00000001 0.00001522 0.00005627 0.00000429]\n",
      " [0.00020732 0.04569517 0.00640193 0.9161572  0.00032173 0.00727677\n",
      "  0.00185746 0.00026668 0.02099593 0.00081974]\n",
      " [0.00001319 0.00078664 0.98629504 0.00698559 0.00000169 0.00005887\n",
      "  0.00007157 0.00000049 0.00578029 0.00000659]\n",
      " [0.00013807 0.00001409 0.00005562 0.00196034 0.00011354 0.00001497\n",
      "  0.00000026 0.9955609  0.00002667 0.00211549]\n",
      " [0.00234879 0.05922066 0.01535685 0.00732744 0.00631857 0.13923752\n",
      "  0.00210927 0.01130167 0.71062315 0.04615607]\n",
      " [0.0000016  0.0000001  0.00000291 0.00018499 0.0000009  0.00000155\n",
      "  0.00000001 0.99938726 0.00000312 0.00041756]\n",
      " [0.0000419  0.99235886 0.0001529  0.00011955 0.00038469 0.00100039\n",
      "  0.0002668  0.00015936 0.00547982 0.0000357 ]\n",
      " [0.00010348 0.         0.00000222 0.00000034 0.00000067 0.99724495\n",
      "  0.00006964 0.         0.00257825 0.00000037]\n",
      " [0.00012579 0.98852366 0.00087326 0.00160327 0.00018599 0.00008888\n",
      "  0.00064842 0.0006591  0.0069903  0.00030141]\n",
      " [0.00000502 0.00000027 0.00358859 0.0017933  0.00000085 0.00073559\n",
      "  0.00000259 0.00000084 0.99385935 0.00001364]\n",
      " [0.00047244 0.00001133 0.00000115 0.00030203 0.0092177  0.0013362\n",
      "  0.00002074 0.9696125  0.00006078 0.01896518]\n",
      " [0.999856   0.         0.00003428 0.00002689 0.00000001 0.00005519\n",
      "  0.00001669 0.00000011 0.00000209 0.00000858]\n",
      " [0.00008091 0.992093   0.00240556 0.00106367 0.00009093 0.00081913\n",
      "  0.0004628  0.00088292 0.001971   0.0001301 ]\n",
      " [0.00058657 0.00000977 0.00090167 0.00009379 0.02769188 0.00015021\n",
      "  0.00002483 0.04490174 0.00249058 0.92314893]\n",
      " [0.00017452 0.03649719 0.01581763 0.00245074 0.00028823 0.05778133\n",
      "  0.00121768 0.00144921 0.8821038  0.00221961]\n",
      " [0.00018099 0.41665798 0.00727274 0.4582202  0.00577887 0.02054885\n",
      "  0.00258715 0.00948816 0.06512733 0.01413775]\n",
      " [0.00000121 0.00014664 0.00129135 0.01925021 0.8123057  0.00067479\n",
      "  0.00040628 0.00024975 0.00814397 0.15753017]\n",
      " [0.00001681 0.00002678 0.00005478 0.00472022 0.00001248 0.00016962\n",
      "  0.00000003 0.9506487  0.00018808 0.04416241]\n",
      " [0.01853666 0.0008321  0.04161299 0.0038966  0.12438685 0.01201768\n",
      "  0.02057499 0.00002583 0.7709094  0.00720685]\n",
      " [0.00087243 0.00007169 0.00018283 0.00233992 0.01563109 0.8294698\n",
      "  0.08276556 0.0000003  0.06712194 0.00154444]\n",
      " [0.9991198  0.00000001 0.00009969 0.00000413 0.00000041 0.00065236\n",
      "  0.0001033  0.00000253 0.00001525 0.00000256]\n",
      " [0.00191806 0.00012378 0.00025752 0.00003344 0.00024605 0.00672382\n",
      "  0.00007091 0.00238703 0.984212   0.00402742]\n",
      " [0.00394014 0.00000016 0.00000007 0.01919008 0.00000032 0.97567284\n",
      "  0.00000002 0.00009944 0.00099675 0.00010012]\n",
      " [0.00087324 0.00000697 0.16981581 0.00028149 0.81195897 0.00034029\n",
      "  0.01068365 0.00179672 0.00065168 0.00359116]\n",
      " [0.00000651 0.00000116 0.00002551 0.9781929  0.00000902 0.00003935\n",
      "  0.00000005 0.00119191 0.00346267 0.01707106]\n",
      " [0.00005916 0.00000379 0.99661356 0.00075825 0.0003941  0.00000714\n",
      "  0.00011833 0.00031938 0.00010755 0.0016188 ]\n",
      " [0.00002492 0.00000323 0.00003609 0.00008392 0.00874766 0.00002822\n",
      "  0.00000638 0.00472739 0.00293237 0.9834099 ]\n",
      " [0.00000008 0.00000003 0.00000891 0.00001142 0.97032845 0.00000184\n",
      "  0.00000148 0.00000264 0.00007916 0.02956583]\n",
      " [0.0034146  0.00006251 0.00003092 0.00132028 0.00004188 0.974164\n",
      "  0.0004606  0.00007028 0.01995415 0.00048084]\n",
      " [0.00047802 0.00016058 0.00223465 0.98658746 0.00000005 0.01035453\n",
      "  0.00000572 0.0000398  0.00012531 0.00001398]\n",
      " [0.00050374 0.00000035 0.0000025  0.00038067 0.0000025  0.00096405\n",
      "  0.         0.8283894  0.00021688 0.16953987]\n",
      " [0.0008359  0.0048752  0.7839688  0.20408185 0.00002129 0.0005991\n",
      "  0.00072945 0.00442445 0.00033155 0.00013241]\n",
      " [0.00067847 0.00048799 0.00284486 0.00021418 0.9498645  0.000739\n",
      "  0.00859646 0.003217   0.00458435 0.02877307]\n",
      " [0.09694991 0.00002505 0.00221249 0.00007367 0.00387694 0.3348307\n",
      "  0.00284045 0.04306632 0.49248457 0.02363992]\n",
      " [0.11797596 0.00895637 0.03054725 0.04696818 0.00608731 0.1950307\n",
      "  0.00582679 0.13538913 0.18175949 0.2714588 ]\n",
      " [0.00000013 0.00000131 0.99963987 0.00029787 0.0000056  0.0000011\n",
      "  0.00000955 0.00000996 0.00002994 0.00000476]\n",
      " [0.00004588 0.00000141 0.00186272 0.00000487 0.17441133 0.0000954\n",
      "  0.8229005  0.0004912  0.00012032 0.00006622]\n",
      " [0.00007759 0.00001486 0.0000578  0.9945069  0.0000003  0.00425673\n",
      "  0.00000152 0.00006606 0.00098795 0.00003026]\n",
      " [0.00000938 0.00498898 0.01223914 0.04668205 0.01051376 0.00029724\n",
      "  0.00002627 0.8544628  0.00747979 0.06330067]\n",
      " [0.00036516 0.96485806 0.00205942 0.00713513 0.0024695  0.00123371\n",
      "  0.00215758 0.0063898  0.0104997  0.00283194]\n",
      " [0.0001188  0.00046185 0.0049165  0.01439142 0.00008082 0.00002662\n",
      "  0.00000524 0.96544814 0.00545796 0.00909267]\n",
      " [0.00000235 0.9987435  0.00011378 0.00009127 0.00001518 0.00002349\n",
      "  0.00055547 0.00004568 0.00033798 0.00007142]\n",
      " [0.00025161 0.00001268 0.00152116 0.00002522 0.00081825 0.0075704\n",
